0.0001 0.0 0
0.0001 0.0 1
0.0001 0.0 2
0.0001 0.0 3
0.0001 0.0 4
0.0001 0.0 5
0.0001 0.0 6
0.0001 0.0 7
0.0001 0.0 8
0.0001 0.0 9
0.0001 0.0 10
0.0001 0.0 11
0.0001 0.0 12
0.0001 0.0 13
0.0001 0.0 14
0.0001 0.0 15
0.0001 0.0 16
0.0001 0.0 17
0.0001 0.0 18
0.0001 0.0 19
0.0001 0.0 20
0.0001 0.0 21
0.0001 0.0 22
0.0001 0.0 23
0.0001 0.0 24
0.0001 0.0 25
0.0001 0.0 26
0.0001 0.0 27
0.0001 0.0 28
0.0001 0.0 29
0.0001 0.0 30
0.0001 0.0 31
0.0001 0.0 32
0.0001 0.0 33
0.0001 0.0 34
0.0001 0.0 35
0.0001 0.0 36
0.0001 0.0 37
0.0001 0.0 38
0.0001 0.0 39
0.0001 0.0 40
0.0001 0.0 41
0.0001 0.0 42
0.0001 0.0 43
0.0001 0.0 44
0.0001 0.0 45
0.0001 0.0 46
0.0001 0.0 47
0.0001 0.0 48
0.0001 0.0 49
0.0001 0.0 50
0.0001 0.0 51
0.0001 0.0 52
0.0001 0.0 53
0.0001 0.0 54
0.0001 0.0 55
0.0001 0.0 56
0.0001 0.0 57
0.0001 0.0 58
0.0001 0.0 59
0.0001 0.0 60
0.0001 0.0 61
0.0001 0.0 62
0.0001 0.0 63
0.0001 0.0 64
0.0001 0.0 65
0.0001 0.0 66
0.0001 0.0 67
0.0001 0.0 68
0.0001 0.0 69
0.0001 0.0 70
0.0001 0.0 71
0.0001 0.0 72
0.0001 0.0 73
0.0001 0.0 74
0.0001 0.0 75
0.0001 0.0 76
0.0001 0.0 77
0.0001 0.0 78
0.0001 0.0 79
0.0001 0.0 80
0.0001 0.0 81
0.0001 0.0 82
0.0001 0.0 83
0.0001 0.0 84
0.0001 0.0 85
0.0001 0.0 86
0.0001 0.0 87
0.0001 0.0 88
0.0001 0.0 89
0.0001 0.0 90
0.0001 0.0 91
0.0001 0.0 92
0.0001 0.0 93
0.0001 0.0 94
0.0001 0.0 95
0.0001 0.0 96
0.0001 0.0 97
0.0001 0.0 98
0.0001 0.0 99
0.0001 0.0 100
0.0001 0.0 101
0.0001 0.0 102
0.0001 0.0 103
0.0001 0.0 104
0.0001 0.0 105
0.0001 0.0 106
0.0001 0.0 107
0.0001 0.0 108
0.0001 0.0 109
0.0001 0.0 110
0.0001 0.0 111
0.0001 0.0 112
0.0001 0.0 113
0.0001 0.0 114
0.0001 0.0 115
0.0001 0.0 116
0.0001 0.0 117
0.0001 0.0 118
0.0001 0.0 119
0.0001 0.0 120
0.0001 0.0 121
0.0001 0.0 122
0.0001 0.0 123
0.0001 0.0 124
0.0001 0.0 125
0.0001 0.0 126
0.0001 0.0 127
0.0001 0.0 128
0.0001 0.0 129
0.0001 0.0 130
0.0001 0.0 131
0.0001 0.0 132
0.0001 0.0 133
0.0001 0.0 134
0.0001 0.0 135
0.0001 0.0 136
0.0001 0.0 137
0.0001 0.0 138
0.0001 0.0 139
0.0001 0.0 140
0.0001 0.0 141
0.0001 0.0 142
0.0001 0.0 143
0.0001 0.0 144
0.0001 0.0 145
0.0001 0.0 146
0.0001 0.0 147
0.0001 0.0 148
0.0001 0.0 149
0.0001 0.0 150
0.0001 0.0 151
0.0001 0.0 152
0.0001 0.0 153
0.0001 0.0 154
0.0001 0.0 155
0.0001 0.0 156
0.0001 0.0 157
0.0001 0.0 158
0.0001 0.0 159
0.0001 0.0 160
0.0001 0.0 161
0.0001 0.0 162
0.0001 0.0 163
0.0001 0.0 164
0.0001 0.0 165
0.0001 0.0 166
0.0001 0.0 167
0.0001 0.0 168
0.0001 0.0 169
0.0001 0.0 170
0.0001 0.0 171
0.0001 0.0 172
0.0001 0.0 173
0.0001 0.0 174
0.0001 0.0 175
0.0001 0.0 176
0.0001 0.0 177
0.0001 0.0 178
0.0001 0.0 179
0.0001 0.0 180
0.0001 0.0 181
0.0001 0.0 182
0.0001 0.0 183
0.0001 0.0 184
0.0001 0.0 185
0.0001 0.0 186
0.0001 0.0 187
0.0001 0.0 188
0.0001 0.0 189
0.0001 0.0 190
0.0001 0.0 191
0.0001 0.0 192
0.0001 0.0 193
0.0001 0.0 194
0.0001 0.0 195
0.0001 0.0 196
0.0001 0.0 197
0.0001 0.0 198
0.0001 0.0 199
0.0001 0.0 200
0.0001 0.0 201
0.0001 0.0 202
0.0001 0.0 203
0.0001 0.0 204
0.0001 0.0 205
0.0001 0.0 206
0.0001 0.0 207
0.0001 0.0 208
0.0001 0.0 209
0.0001 0.0 210
0.0001 0.0 211
0.0001 0.0 212
0.0001 0.0 213
0.0001 0.0 214
0.0001 0.0 215
0.0001 0.0 216
0.0001 0.0 217
0.0001 0.0 218
0.0001 0.0 219
0.0001 0.0 220
0.0001 0.0 221
0.0001 0.0 222
0.0001 0.0 223
0.0001 0.0 224
0.0001 0.0 225
0.0001 0.0 226
0.0001 0.0 227
0.0001 0.0 228
0.0001 0.0 229
0.0001 0.0 230
0.0001 0.0 231
0.0001 0.0 232
0.0001 0.0 233
0.0001 0.0 234
0.0001 0.0 235
0.0001 0.0 236
0.0001 0.0 237
0.0001 0.0 238
0.0001 0.0 239
0.0001 0.0 240
0.0001 0.0 241
0.0001 0.0 242
0.0001 0.0 243
0.0001 0.0 244
0.0001 0.0 245
0.0001 0.0 246
0.0001 0.0 247
0.0001 0.0 248
0.0001 0.0 249
0.0001 0.0 250
0.0001 0.0 251
0.0001 0.0 252
0.0001 0.0 253
0.0001 0.0 254
0.0001 0.0 255
0.0001 0.0 256
0.0001 0.0 257
0.0001 0.0 258
0.0001 0.0 259
0.0001 0.0 260
0.0001 0.0 261
0.0001 0.0 262
0.0001 0.0 263
0.0001 0.0 264
0.0001 0.0 265
0.0001 0.0 266
0.0001 0.0 267
0.0001 0.0 268
0.0001 0.0 269
0.0001 0.0 270
0.0001 0.0 271
0.0001 0.0 272
0.0001 0.0 273
0.0001 0.0 274
0.0001 0.0 275
0.0001 0.0 276
0.0001 0.0 277
0.0001 0.0 278
0.0001 0.0 279
0.0001 0.0 280
0.0001 0.0 281
0.0001 0.0 282
0.0001 0.0 283
0.0001 0.0 284
0.0001 0.0 285
0.0001 0.0 286
0.0001 0.0 287
0.0001 0.0 288
0.0001 0.0 289
0.0001 0.0 290
0.0001 0.0 291
0.0001 0.0 292
0.0001 0.0 293
0.0001 0.0 294
0.0001 0.0 295
0.0001 0.0 296
0.0001 0.0 297
0.0001 0.0 298
0.0001 0.0 299
0.0001 0.04 0
0.0001 0.04 1
0.0001 0.04 2
0.0001 0.04 3
0.0001 0.04 4
0.0001 0.04 5
0.0001 0.04 6
0.0001 0.04 7
0.0001 0.04 8
0.0001 0.04 9
0.0001 0.04 10
0.0001 0.04 11
0.0001 0.04 12
0.0001 0.04 13
0.0001 0.04 14
0.0001 0.04 15
0.0001 0.04 16
0.0001 0.04 17
0.0001 0.04 18
0.0001 0.04 19
0.0001 0.04 20
0.0001 0.04 21
0.0001 0.04 22
0.0001 0.04 23
0.0001 0.04 24
0.0001 0.04 25
0.0001 0.04 26
0.0001 0.04 27
0.0001 0.04 28
0.0001 0.04 29
0.0001 0.04 30
0.0001 0.04 31
0.0001 0.04 32
0.0001 0.04 33
0.0001 0.04 34
0.0001 0.04 35
0.0001 0.04 36
0.0001 0.04 37
0.0001 0.04 38
0.0001 0.04 39
0.0001 0.04 40
0.0001 0.04 41
0.0001 0.04 42
0.0001 0.04 43
0.0001 0.04 44
0.0001 0.04 45
0.0001 0.04 46
0.0001 0.04 47
0.0001 0.04 48
0.0001 0.04 49
0.0001 0.04 50
0.0001 0.04 51
0.0001 0.04 52
0.0001 0.04 53
0.0001 0.04 54
0.0001 0.04 55
0.0001 0.04 56
0.0001 0.04 57
0.0001 0.04 58
0.0001 0.04 59
0.0001 0.04 60
0.0001 0.04 61
0.0001 0.04 62
0.0001 0.04 63
0.0001 0.04 64
0.0001 0.04 65
0.0001 0.04 66
0.0001 0.04 67
0.0001 0.04 68
0.0001 0.04 69
0.0001 0.04 70
0.0001 0.04 71
0.0001 0.04 72
0.0001 0.04 73
0.0001 0.04 74
0.0001 0.04 75
0.0001 0.04 76
0.0001 0.04 77
0.0001 0.04 78
0.0001 0.04 79
0.0001 0.04 80
0.0001 0.04 81
0.0001 0.04 82
0.0001 0.04 83
0.0001 0.04 84
0.0001 0.04 85
0.0001 0.04 86
0.0001 0.04 87
0.0001 0.04 88
0.0001 0.04 89
0.0001 0.04 90
0.0001 0.04 91
0.0001 0.04 92
0.0001 0.04 93
0.0001 0.04 94
0.0001 0.04 95
0.0001 0.04 96
0.0001 0.04 97
0.0001 0.04 98
0.0001 0.04 99
0.0001 0.04 100
0.0001 0.04 101
0.0001 0.04 102
0.0001 0.04 103
0.0001 0.04 104
0.0001 0.04 105
0.0001 0.04 106
0.0001 0.04 107
0.0001 0.04 108
0.0001 0.04 109
0.0001 0.04 110
0.0001 0.04 111
0.0001 0.04 112
0.0001 0.04 113
0.0001 0.04 114
0.0001 0.04 115
0.0001 0.04 116
0.0001 0.04 117
0.0001 0.04 118
0.0001 0.04 119
0.0001 0.04 120
0.0001 0.04 121
0.0001 0.04 122
0.0001 0.04 123
0.0001 0.04 124
0.0001 0.04 125
0.0001 0.04 126
0.0001 0.04 127
0.0001 0.04 128
0.0001 0.04 129
0.0001 0.04 130
0.0001 0.04 131
0.0001 0.04 132
0.0001 0.04 133
0.0001 0.04 134
0.0001 0.04 135
0.0001 0.04 136
0.0001 0.04 137
0.0001 0.04 138
0.0001 0.04 139
0.0001 0.04 140
0.0001 0.04 141
0.0001 0.04 142
0.0001 0.04 143
0.0001 0.04 144
0.0001 0.04 145
0.0001 0.04 146
0.0001 0.04 147
0.0001 0.04 148
0.0001 0.04 149
0.0001 0.04 150
0.0001 0.04 151
0.0001 0.04 152
0.0001 0.04 153
0.0001 0.04 154
0.0001 0.04 155
0.0001 0.04 156
0.0001 0.04 157
0.0001 0.04 158
0.0001 0.04 159
0.0001 0.04 160
0.0001 0.04 161
0.0001 0.04 162
0.0001 0.04 163
0.0001 0.04 164
0.0001 0.04 165
0.0001 0.04 166
0.0001 0.04 167
0.0001 0.04 168
0.0001 0.04 169
0.0001 0.04 170
0.0001 0.04 171
0.0001 0.04 172
0.0001 0.04 173
0.0001 0.04 174
0.0001 0.04 175
0.0001 0.04 176
0.0001 0.04 177
0.0001 0.04 178
0.0001 0.04 179
0.0001 0.04 180
0.0001 0.04 181
0.0001 0.04 182
0.0001 0.04 183
0.0001 0.04 184
0.0001 0.04 185
0.0001 0.04 186
0.0001 0.04 187
0.0001 0.04 188
0.0001 0.04 189
0.0001 0.04 190
0.0001 0.04 191
0.0001 0.04 192
0.0001 0.04 193
0.0001 0.04 194
0.0001 0.04 195
0.0001 0.04 196
0.0001 0.04 197
0.0001 0.04 198
0.0001 0.04 199
0.0001 0.04 200
0.0001 0.04 201
0.0001 0.04 202
0.0001 0.04 203
0.0001 0.04 204
0.0001 0.04 205
0.0001 0.04 206
0.0001 0.04 207
0.0001 0.04 208
0.0001 0.04 209
0.0001 0.04 210
0.0001 0.04 211
0.0001 0.04 212
0.0001 0.04 213
0.0001 0.04 214
0.0001 0.04 215
0.0001 0.04 216
0.0001 0.04 217
0.0001 0.04 218
0.0001 0.04 219
0.0001 0.04 220
0.0001 0.04 221
0.0001 0.04 222
0.0001 0.04 223
0.0001 0.04 224
0.0001 0.04 225
0.0001 0.04 226
0.0001 0.04 227
0.0001 0.04 228
0.0001 0.04 229
0.0001 0.04 230
0.0001 0.04 231
0.0001 0.04 232
0.0001 0.04 233
0.0001 0.04 234
0.0001 0.04 235
0.0001 0.04 236
0.0001 0.04 237
0.0001 0.04 238
0.0001 0.04 239
0.0001 0.04 240
0.0001 0.04 241
0.0001 0.04 242
0.0001 0.04 243
0.0001 0.04 244
0.0001 0.04 245
0.0001 0.04 246
0.0001 0.04 247
0.0001 0.04 248
0.0001 0.04 249
0.0001 0.04 250
0.0001 0.04 251
0.0001 0.04 252
0.0001 0.04 253
0.0001 0.04 254
0.0001 0.04 255
0.0001 0.04 256
0.0001 0.04 257
0.0001 0.04 258
0.0001 0.04 259
0.0001 0.04 260
0.0001 0.04 261
0.0001 0.04 262
0.0001 0.04 263
0.0001 0.04 264
0.0001 0.04 265
0.0001 0.04 266
0.0001 0.04 267
0.0001 0.04 268
0.0001 0.04 269
0.0001 0.04 270
0.0001 0.04 271
0.0001 0.04 272
0.0001 0.04 273
0.0001 0.04 274
0.0001 0.04 275
0.0001 0.04 276
0.0001 0.04 277
0.0001 0.04 278
0.0001 0.04 279
0.0001 0.04 280
0.0001 0.04 281
0.0001 0.04 282
0.0001 0.04 283
0.0001 0.04 284
0.0001 0.04 285
0.0001 0.04 286
0.0001 0.04 287
0.0001 0.04 288
0.0001 0.04 289
0.0001 0.04 290
0.0001 0.04 291
0.0001 0.04 292
0.0001 0.04 293
0.0001 0.04 294
0.0001 0.04 295
0.0001 0.04 296
0.0001 0.04 297
0.0001 0.04 298
0.0001 0.04 299
0.02 0.0 0
0.02 0.0 1
0.02 0.0 2
0.02 0.0 3
0.02 0.0 4
0.02 0.0 5
0.02 0.0 6
0.02 0.0 7
0.02 0.0 8
0.02 0.0 9
0.02 0.0 10
0.02 0.0 11
0.02 0.0 12
0.02 0.0 13
0.02 0.0 14
0.02 0.0 15
0.02 0.0 16
0.02 0.0 17
0.02 0.0 18
0.02 0.0 19
0.02 0.0 20
0.02 0.0 21
0.02 0.0 22
0.02 0.0 23
0.02 0.0 24
0.02 0.0 25
0.02 0.0 26
0.02 0.0 27
0.02 0.0 28
0.02 0.0 29
0.02 0.0 30
0.02 0.0 31
0.02 0.0 32
0.02 0.0 33
0.02 0.0 34
0.02 0.0 35
0.02 0.0 36
0.02 0.0 37
0.02 0.0 38
0.02 0.0 39
0.02 0.0 40
0.02 0.0 41
0.02 0.0 42
0.02 0.0 43
0.02 0.0 44
0.02 0.0 45
0.02 0.0 46
0.02 0.0 47
0.02 0.0 48
0.02 0.0 49
0.02 0.0 50
0.02 0.0 51
0.02 0.0 52
0.02 0.0 53
0.02 0.0 54
0.02 0.0 55
0.02 0.0 56
0.02 0.0 57
0.02 0.0 58
0.02 0.0 59
0.02 0.0 60
0.02 0.0 61
0.02 0.0 62
0.02 0.0 63
0.02 0.0 64
0.02 0.0 65
0.02 0.0 66
0.02 0.0 67
0.02 0.0 68
0.02 0.0 69
0.02 0.0 70
0.02 0.0 71
0.02 0.0 72
0.02 0.0 73
0.02 0.0 74
0.02 0.0 75
0.02 0.0 76
0.02 0.0 77
0.02 0.0 78
0.02 0.0 79
0.02 0.0 80
0.02 0.0 81
0.02 0.0 82
0.02 0.0 83
0.02 0.0 84
0.02 0.0 85
0.02 0.0 86
0.02 0.0 87
0.02 0.0 88
0.02 0.0 89
0.02 0.0 90
0.02 0.0 91
0.02 0.0 92
0.02 0.0 93
0.02 0.0 94
0.02 0.0 95
0.02 0.0 96
0.02 0.0 97
0.02 0.0 98
0.02 0.0 99
0.02 0.0 100
0.02 0.0 101
0.02 0.0 102
0.02 0.0 103
0.02 0.0 104
0.02 0.0 105
0.02 0.0 106
0.02 0.0 107
0.02 0.0 108
0.02 0.0 109
0.02 0.0 110
0.02 0.0 111
0.02 0.0 112
0.02 0.0 113
0.02 0.0 114
0.02 0.0 115
0.02 0.0 116
0.02 0.0 117
0.02 0.0 118
0.02 0.0 119
0.02 0.0 120
0.02 0.0 121
0.02 0.0 122
0.02 0.0 123
0.02 0.0 124
0.02 0.0 125
0.02 0.0 126
0.02 0.0 127
0.02 0.0 128
0.02 0.0 129
0.02 0.0 130
0.02 0.0 131
0.02 0.0 132
0.02 0.0 133
0.02 0.0 134
0.02 0.0 135
0.02 0.0 136
0.02 0.0 137
0.02 0.0 138
0.02 0.0 139
0.02 0.0 140
0.02 0.0 141
0.02 0.0 142
0.02 0.0 143
0.02 0.0 144
0.02 0.0 145
0.02 0.0 146
0.02 0.0 147
0.02 0.0 148
0.02 0.0 149
0.02 0.0 150
0.02 0.0 151
0.02 0.0 152
0.02 0.0 153
0.02 0.0 154
0.02 0.0 155
0.02 0.0 156
0.02 0.0 157
0.02 0.0 158
0.02 0.0 159
0.02 0.0 160
0.02 0.0 161
0.02 0.0 162
0.02 0.0 163
0.02 0.0 164
0.02 0.0 165
0.02 0.0 166
0.02 0.0 167
0.02 0.0 168
0.02 0.0 169
0.02 0.0 170
0.02 0.0 171
0.02 0.0 172
0.02 0.0 173
0.02 0.0 174
0.02 0.0 175
0.02 0.0 176
0.02 0.0 177
0.02 0.0 178
0.02 0.0 179
0.02 0.0 180
0.02 0.0 181
0.02 0.0 182
0.02 0.0 183
0.02 0.0 184
0.02 0.0 185
0.02 0.0 186
0.02 0.0 187
0.02 0.0 188
0.02 0.0 189
0.02 0.0 190
0.02 0.0 191
0.02 0.0 192
0.02 0.0 193
0.02 0.0 194
0.02 0.0 195
0.02 0.0 196
0.02 0.0 197
0.02 0.0 198
0.02 0.0 199
0.02 0.0 200
0.02 0.0 201
0.02 0.0 202
0.02 0.0 203
0.02 0.0 204
0.02 0.0 205
0.02 0.0 206
0.02 0.0 207
0.02 0.0 208
0.02 0.0 209
0.02 0.0 210
0.02 0.0 211
0.02 0.0 212
0.02 0.0 213
0.02 0.0 214
0.02 0.0 215
0.02 0.0 216
0.02 0.0 217
0.02 0.0 218
0.02 0.0 219
0.02 0.0 220
0.02 0.0 221
0.02 0.0 222
0.02 0.0 223
0.02 0.0 224
0.02 0.0 225
0.02 0.0 226
0.02 0.0 227
0.02 0.0 228
0.02 0.0 229
0.02 0.0 230
0.02 0.0 231
0.02 0.0 232
0.02 0.0 233
0.02 0.0 234
0.02 0.0 235
0.02 0.0 236
0.02 0.0 237
0.02 0.0 238
0.02 0.0 239
0.02 0.0 240
0.02 0.0 241
0.02 0.0 242
0.02 0.0 243
0.02 0.0 244
0.02 0.0 245
0.02 0.0 246
0.02 0.0 247
0.02 0.0 248
0.02 0.0 249
0.02 0.0 250
0.02 0.0 251
0.02 0.0 252
0.02 0.0 253
0.02 0.0 254
0.02 0.0 255
0.02 0.0 256
0.02 0.0 257
0.02 0.0 258
0.02 0.0 259
0.02 0.0 260
0.02 0.0 261
0.02 0.0 262
0.02 0.0 263
0.02 0.0 264
0.02 0.0 265
0.02 0.0 266
0.02 0.0 267
0.02 0.0 268
0.02 0.0 269
0.02 0.0 270
0.02 0.0 271
0.02 0.0 272
0.02 0.0 273
0.02 0.0 274
0.02 0.0 275
0.02 0.0 276
0.02 0.0 277
0.02 0.0 278
0.02 0.0 279
0.02 0.0 280
0.02 0.0 281
0.02 0.0 282
0.02 0.0 283
0.02 0.0 284
0.02 0.0 285
0.02 0.0 286
0.02 0.0 287
0.02 0.0 288
0.02 0.0 289
0.02 0.0 290
0.02 0.0 291
0.02 0.0 292
0.02 0.0 293
0.02 0.0 294
0.02 0.0 295
0.02 0.0 296
0.02 0.0 297
0.02 0.0 298
0.02 0.0 299
0.02 0.04 0
0.02 0.04 1
0.02 0.04 2
0.02 0.04 3
0.02 0.04 4
0.02 0.04 5
0.02 0.04 6
0.02 0.04 7
0.02 0.04 8
0.02 0.04 9
0.02 0.04 10
0.02 0.04 11
0.02 0.04 12
0.02 0.04 13
0.02 0.04 14
0.02 0.04 15
0.02 0.04 16
0.02 0.04 17
0.02 0.04 18
0.02 0.04 19
0.02 0.04 20
0.02 0.04 21
0.02 0.04 22
0.02 0.04 23
0.02 0.04 24
0.02 0.04 25
0.02 0.04 26
0.02 0.04 27
0.02 0.04 28
0.02 0.04 29
0.02 0.04 30
0.02 0.04 31
0.02 0.04 32
0.02 0.04 33
0.02 0.04 34
0.02 0.04 35
0.02 0.04 36
0.02 0.04 37
0.02 0.04 38
0.02 0.04 39
0.02 0.04 40
0.02 0.04 41
0.02 0.04 42
0.02 0.04 43
0.02 0.04 44
0.02 0.04 45
0.02 0.04 46
0.02 0.04 47
0.02 0.04 48
0.02 0.04 49
0.02 0.04 50
0.02 0.04 51
0.02 0.04 52
0.02 0.04 53
0.02 0.04 54
0.02 0.04 55
0.02 0.04 56
0.02 0.04 57
0.02 0.04 58
0.02 0.04 59
0.02 0.04 60
0.02 0.04 61
0.02 0.04 62
0.02 0.04 63
0.02 0.04 64
0.02 0.04 65
0.02 0.04 66
0.02 0.04 67
0.02 0.04 68
0.02 0.04 69
0.02 0.04 70
0.02 0.04 71
0.02 0.04 72
0.02 0.04 73
0.02 0.04 74
0.02 0.04 75
0.02 0.04 76
0.02 0.04 77
0.02 0.04 78
0.02 0.04 79
0.02 0.04 80
0.02 0.04 81
0.02 0.04 82
0.02 0.04 83
0.02 0.04 84
0.02 0.04 85
0.02 0.04 86
0.02 0.04 87
0.02 0.04 88
0.02 0.04 89
0.02 0.04 90
0.02 0.04 91
0.02 0.04 92
0.02 0.04 93
0.02 0.04 94
0.02 0.04 95
0.02 0.04 96
0.02 0.04 97
0.02 0.04 98
0.02 0.04 99
0.02 0.04 100
0.02 0.04 101
0.02 0.04 102
0.02 0.04 103
0.02 0.04 104
0.02 0.04 105
0.02 0.04 106
0.02 0.04 107
0.02 0.04 108
0.02 0.04 109
0.02 0.04 110
0.02 0.04 111
0.02 0.04 112
0.02 0.04 113
0.02 0.04 114
0.02 0.04 115
0.02 0.04 116
0.02 0.04 117
0.02 0.04 118
0.02 0.04 119
0.02 0.04 120
0.02 0.04 121
0.02 0.04 122
0.02 0.04 123
0.02 0.04 124
0.02 0.04 125
0.02 0.04 126
0.02 0.04 127
0.02 0.04 128
0.02 0.04 129
0.02 0.04 130
0.02 0.04 131
0.02 0.04 132
0.02 0.04 133
0.02 0.04 134
0.02 0.04 135
0.02 0.04 136
0.02 0.04 137
0.02 0.04 138
0.02 0.04 139
0.02 0.04 140
0.02 0.04 141
0.02 0.04 142
0.02 0.04 143
0.02 0.04 144
0.02 0.04 145
0.02 0.04 146
0.02 0.04 147
0.02 0.04 148
0.02 0.04 149
0.02 0.04 150
0.02 0.04 151
0.02 0.04 152
0.02 0.04 153
0.02 0.04 154
0.02 0.04 155
0.02 0.04 156
0.02 0.04 157
0.02 0.04 158
0.02 0.04 159
0.02 0.04 160
0.02 0.04 161
0.02 0.04 162
0.02 0.04 163
0.02 0.04 164
0.02 0.04 165
0.02 0.04 166
0.02 0.04 167
0.02 0.04 168
0.02 0.04 169
0.02 0.04 170
0.02 0.04 171
0.02 0.04 172
0.02 0.04 173
0.02 0.04 174
0.02 0.04 175
0.02 0.04 176
0.02 0.04 177
0.02 0.04 178
0.02 0.04 179
0.02 0.04 180
0.02 0.04 181
0.02 0.04 182
0.02 0.04 183
0.02 0.04 184
0.02 0.04 185
0.02 0.04 186
0.02 0.04 187
0.02 0.04 188
0.02 0.04 189
0.02 0.04 190
0.02 0.04 191
0.02 0.04 192
0.02 0.04 193
0.02 0.04 194
0.02 0.04 195
0.02 0.04 196
0.02 0.04 197
0.02 0.04 198
0.02 0.04 199
0.02 0.04 200
0.02 0.04 201
0.02 0.04 202
0.02 0.04 203
0.02 0.04 204
0.02 0.04 205
0.02 0.04 206
0.02 0.04 207
0.02 0.04 208
0.02 0.04 209
0.02 0.04 210
0.02 0.04 211
0.02 0.04 212
0.02 0.04 213
0.02 0.04 214
0.02 0.04 215
0.02 0.04 216
0.02 0.04 217
0.02 0.04 218
0.02 0.04 219
0.02 0.04 220
0.02 0.04 221
0.02 0.04 222
0.02 0.04 223
0.02 0.04 224
0.02 0.04 225
0.02 0.04 226
0.02 0.04 227
0.02 0.04 228
0.02 0.04 229
0.02 0.04 230
0.02 0.04 231
0.02 0.04 232
0.02 0.04 233
0.02 0.04 234
0.02 0.04 235
0.02 0.04 236
0.02 0.04 237
0.02 0.04 238
0.02 0.04 239
0.02 0.04 240
0.02 0.04 241
0.02 0.04 242
0.02 0.04 243
0.02 0.04 244
0.02 0.04 245
0.02 0.04 246
0.02 0.04 247
0.02 0.04 248
0.02 0.04 249
0.02 0.04 250
0.02 0.04 251
0.02 0.04 252
0.02 0.04 253
0.02 0.04 254
0.02 0.04 255
0.02 0.04 256
0.02 0.04 257
0.02 0.04 258
0.02 0.04 259
0.02 0.04 260
0.02 0.04 261
0.02 0.04 262
0.02 0.04 263
0.02 0.04 264
0.02 0.04 265
0.02 0.04 266
0.02 0.04 267
0.02 0.04 268
0.02 0.04 269
0.02 0.04 270
0.02 0.04 271
0.02 0.04 272
0.02 0.04 273
0.02 0.04 274
0.02 0.04 275
0.02 0.04 276
0.02 0.04 277
0.02 0.04 278
0.02 0.04 279
0.02 0.04 280
0.02 0.04 281
0.02 0.04 282
0.02 0.04 283
0.02 0.04 284
0.02 0.04 285
0.02 0.04 286
0.02 0.04 287
0.02 0.04 288
0.02 0.04 289
0.02 0.04 290
0.02 0.04 291
0.02 0.04 292
0.02 0.04 293
0.02 0.04 294
0.02 0.04 295
0.02 0.04 296
0.02 0.04 297
0.02 0.04 298
0.02 0.04 299
0.05 0.0 0
0.05 0.0 1
0.05 0.0 2
0.05 0.0 3
0.05 0.0 4
0.05 0.0 5
0.05 0.0 6
0.05 0.0 7
0.05 0.0 8
0.05 0.0 9
0.05 0.0 10
0.05 0.0 11
0.05 0.0 12
0.05 0.0 13
0.05 0.0 14
0.05 0.0 15
0.05 0.0 16
0.05 0.0 17
0.05 0.0 18
0.05 0.0 19
0.05 0.0 20
0.05 0.0 21
0.05 0.0 22
0.05 0.0 23
0.05 0.0 24
0.05 0.0 25
0.05 0.0 26
0.05 0.0 27
0.05 0.0 28
0.05 0.0 29
0.05 0.0 30
0.05 0.0 31
0.05 0.0 32
0.05 0.0 33
0.05 0.0 34
0.05 0.0 35
0.05 0.0 36
0.05 0.0 37
0.05 0.0 38
0.05 0.0 39
0.05 0.0 40
0.05 0.0 41
0.05 0.0 42
0.05 0.0 43
0.05 0.0 44
0.05 0.0 45
0.05 0.0 46
0.05 0.0 47
0.05 0.0 48
0.05 0.0 49
0.05 0.0 50
0.05 0.0 51
0.05 0.0 52
0.05 0.0 53
0.05 0.0 54
0.05 0.0 55
0.05 0.0 56
0.05 0.0 57
0.05 0.0 58
0.05 0.0 59
0.05 0.0 60
0.05 0.0 61
0.05 0.0 62
0.05 0.0 63
0.05 0.0 64
0.05 0.0 65
0.05 0.0 66
0.05 0.0 67
0.05 0.0 68
0.05 0.0 69
0.05 0.0 70
0.05 0.0 71
0.05 0.0 72
0.05 0.0 73
0.05 0.0 74
0.05 0.0 75
0.05 0.0 76
0.05 0.0 77
0.05 0.0 78
0.05 0.0 79
0.05 0.0 80
0.05 0.0 81
0.05 0.0 82
0.05 0.0 83
0.05 0.0 84
0.05 0.0 85
0.05 0.0 86
0.05 0.0 87
0.05 0.0 88
0.05 0.0 89
0.05 0.0 90
0.05 0.0 91
0.05 0.0 92
0.05 0.0 93
0.05 0.0 94
0.05 0.0 95
0.05 0.0 96
0.05 0.0 97
0.05 0.0 98
0.05 0.0 99
0.05 0.0 100
0.05 0.0 101
0.05 0.0 102
0.05 0.0 103
0.05 0.0 104
0.05 0.0 105
0.05 0.0 106
0.05 0.0 107
0.05 0.0 108
0.05 0.0 109
0.05 0.0 110
0.05 0.0 111
0.05 0.0 112
0.05 0.0 113
0.05 0.0 114
0.05 0.0 115
0.05 0.0 116
0.05 0.0 117
0.05 0.0 118
0.05 0.0 119
0.05 0.0 120
0.05 0.0 121
0.05 0.0 122
0.05 0.0 123
0.05 0.0 124
0.05 0.0 125
0.05 0.0 126
0.05 0.0 127
0.05 0.0 128
0.05 0.0 129
0.05 0.0 130
0.05 0.0 131
0.05 0.0 132
0.05 0.0 133
0.05 0.0 134
0.05 0.0 135
0.05 0.0 136
0.05 0.0 137
0.05 0.0 138
0.05 0.0 139
0.05 0.0 140
0.05 0.0 141
0.05 0.0 142
0.05 0.0 143
0.05 0.0 144
0.05 0.0 145
0.05 0.0 146
0.05 0.0 147
0.05 0.0 148
0.05 0.0 149
0.05 0.0 150
0.05 0.0 151
0.05 0.0 152
0.05 0.0 153
0.05 0.0 154
0.05 0.0 155
0.05 0.0 156
0.05 0.0 157
0.05 0.0 158
0.05 0.0 159
0.05 0.0 160
0.05 0.0 161
0.05 0.0 162
0.05 0.0 163
0.05 0.0 164
0.05 0.0 165
0.05 0.0 166
0.05 0.0 167
0.05 0.0 168
0.05 0.0 169
0.05 0.0 170
0.05 0.0 171
0.05 0.0 172
0.05 0.0 173
0.05 0.0 174
0.05 0.0 175
0.05 0.0 176
0.05 0.0 177
0.05 0.0 178
0.05 0.0 179
0.05 0.0 180
0.05 0.0 181
0.05 0.0 182
0.05 0.0 183
0.05 0.0 184
0.05 0.0 185
0.05 0.0 186
0.05 0.0 187
0.05 0.0 188
0.05 0.0 189
0.05 0.0 190
0.05 0.0 191
0.05 0.0 192
0.05 0.0 193
0.05 0.0 194
0.05 0.0 195
0.05 0.0 196
0.05 0.0 197
0.05 0.0 198
0.05 0.0 199
0.05 0.0 200
0.05 0.0 201
0.05 0.0 202
0.05 0.0 203
0.05 0.0 204
0.05 0.0 205
0.05 0.0 206
0.05 0.0 207
0.05 0.0 208
0.05 0.0 209
0.05 0.0 210
0.05 0.0 211
0.05 0.0 212
0.05 0.0 213
0.05 0.0 214
0.05 0.0 215
0.05 0.0 216
0.05 0.0 217
0.05 0.0 218
0.05 0.0 219
0.05 0.0 220
0.05 0.0 221
0.05 0.0 222
0.05 0.0 223
0.05 0.0 224
0.05 0.0 225
0.05 0.0 226
0.05 0.0 227
0.05 0.0 228
0.05 0.0 229
0.05 0.0 230
0.05 0.0 231
0.05 0.0 232
0.05 0.0 233
0.05 0.0 234
0.05 0.0 235
0.05 0.0 236
0.05 0.0 237
0.05 0.0 238
0.05 0.0 239
0.05 0.0 240
0.05 0.0 241
0.05 0.0 242
0.05 0.0 243
0.05 0.0 244
0.05 0.0 245
0.05 0.0 246
0.05 0.0 247
0.05 0.0 248
0.05 0.0 249
0.05 0.0 250
0.05 0.0 251
0.05 0.0 252
0.05 0.0 253
0.05 0.0 254
0.05 0.0 255
0.05 0.0 256
0.05 0.0 257
0.05 0.0 258
0.05 0.0 259
0.05 0.0 260
0.05 0.0 261
0.05 0.0 262
0.05 0.0 263
0.05 0.0 264
0.05 0.0 265
0.05 0.0 266
0.05 0.0 267
0.05 0.0 268
0.05 0.0 269
0.05 0.0 270
0.05 0.0 271
0.05 0.0 272
0.05 0.0 273
0.05 0.0 274
0.05 0.0 275
0.05 0.0 276
0.05 0.0 277
0.05 0.0 278
0.05 0.0 279
0.05 0.0 280
0.05 0.0 281
0.05 0.0 282
0.05 0.0 283
0.05 0.0 284
0.05 0.0 285
0.05 0.0 286
0.05 0.0 287
0.05 0.0 288
0.05 0.0 289
0.05 0.0 290
0.05 0.0 291
0.05 0.0 292
0.05 0.0 293
0.05 0.0 294
0.05 0.0 295
0.05 0.0 296
0.05 0.0 297
0.05 0.0 298
0.05 0.0 299
0.05 0.04 0
0.05 0.04 1
0.05 0.04 2
0.05 0.04 3
0.05 0.04 4
0.05 0.04 5
0.05 0.04 6
0.05 0.04 7
0.05 0.04 8
0.05 0.04 9
0.05 0.04 10
0.05 0.04 11
0.05 0.04 12
0.05 0.04 13
0.05 0.04 14
0.05 0.04 15
0.05 0.04 16
0.05 0.04 17
0.05 0.04 18
0.05 0.04 19
0.05 0.04 20
0.05 0.04 21
0.05 0.04 22
0.05 0.04 23
0.05 0.04 24
0.05 0.04 25
0.05 0.04 26
0.05 0.04 27
0.05 0.04 28
0.05 0.04 29
0.05 0.04 30
0.05 0.04 31
0.05 0.04 32
0.05 0.04 33
0.05 0.04 34
0.05 0.04 35
0.05 0.04 36
0.05 0.04 37
0.05 0.04 38
0.05 0.04 39
0.05 0.04 40
0.05 0.04 41
0.05 0.04 42
0.05 0.04 43
0.05 0.04 44
0.05 0.04 45
0.05 0.04 46
0.05 0.04 47
0.05 0.04 48
0.05 0.04 49
0.05 0.04 50
0.05 0.04 51
0.05 0.04 52
0.05 0.04 53
0.05 0.04 54
0.05 0.04 55
0.05 0.04 56
0.05 0.04 57
0.05 0.04 58
0.05 0.04 59
0.05 0.04 60
0.05 0.04 61
0.05 0.04 62
0.05 0.04 63
0.05 0.04 64
0.05 0.04 65
0.05 0.04 66
0.05 0.04 67
0.05 0.04 68
0.05 0.04 69
0.05 0.04 70
0.05 0.04 71
0.05 0.04 72
0.05 0.04 73
0.05 0.04 74
0.05 0.04 75
0.05 0.04 76
0.05 0.04 77
0.05 0.04 78
0.05 0.04 79
0.05 0.04 80
0.05 0.04 81
0.05 0.04 82
0.05 0.04 83
0.05 0.04 84
0.05 0.04 85
0.05 0.04 86
0.05 0.04 87
0.05 0.04 88
0.05 0.04 89
0.05 0.04 90
0.05 0.04 91
0.05 0.04 92
0.05 0.04 93
0.05 0.04 94
0.05 0.04 95
0.05 0.04 96
0.05 0.04 97
0.05 0.04 98
0.05 0.04 99
0.05 0.04 100
0.05 0.04 101
0.05 0.04 102
0.05 0.04 103
0.05 0.04 104
0.05 0.04 105
0.05 0.04 106
0.05 0.04 107
0.05 0.04 108
0.05 0.04 109
0.05 0.04 110
0.05 0.04 111
0.05 0.04 112
0.05 0.04 113
0.05 0.04 114
0.05 0.04 115
0.05 0.04 116
0.05 0.04 117
0.05 0.04 118
0.05 0.04 119
0.05 0.04 120
0.05 0.04 121
0.05 0.04 122
0.05 0.04 123
0.05 0.04 124
0.05 0.04 125
0.05 0.04 126
0.05 0.04 127
0.05 0.04 128
0.05 0.04 129
0.05 0.04 130
0.05 0.04 131
0.05 0.04 132
0.05 0.04 133
0.05 0.04 134
0.05 0.04 135
0.05 0.04 136
0.05 0.04 137
0.05 0.04 138
0.05 0.04 139
0.05 0.04 140
0.05 0.04 141
0.05 0.04 142
0.05 0.04 143
0.05 0.04 144
0.05 0.04 145
0.05 0.04 146
0.05 0.04 147
0.05 0.04 148
0.05 0.04 149
0.05 0.04 150
0.05 0.04 151
0.05 0.04 152
0.05 0.04 153
0.05 0.04 154
0.05 0.04 155
0.05 0.04 156
0.05 0.04 157
0.05 0.04 158
0.05 0.04 159
0.05 0.04 160
0.05 0.04 161
0.05 0.04 162
0.05 0.04 163
0.05 0.04 164
0.05 0.04 165
0.05 0.04 166
0.05 0.04 167
0.05 0.04 168
0.05 0.04 169
0.05 0.04 170
0.05 0.04 171
0.05 0.04 172
0.05 0.04 173
0.05 0.04 174
0.05 0.04 175
0.05 0.04 176
0.05 0.04 177
0.05 0.04 178
0.05 0.04 179
0.05 0.04 180
0.05 0.04 181
0.05 0.04 182
0.05 0.04 183
0.05 0.04 184
0.05 0.04 185
0.05 0.04 186
0.05 0.04 187
0.05 0.04 188
0.05 0.04 189
0.05 0.04 190
0.05 0.04 191
0.05 0.04 192
0.05 0.04 193
0.05 0.04 194
0.05 0.04 195
0.05 0.04 196
0.05 0.04 197
0.05 0.04 198
0.05 0.04 199
0.05 0.04 200
0.05 0.04 201
0.05 0.04 202
0.05 0.04 203
0.05 0.04 204
0.05 0.04 205
0.05 0.04 206
0.05 0.04 207
0.05 0.04 208
0.05 0.04 209
0.05 0.04 210
0.05 0.04 211
0.05 0.04 212
0.05 0.04 213
0.05 0.04 214
0.05 0.04 215
0.05 0.04 216
0.05 0.04 217
0.05 0.04 218
0.05 0.04 219
0.05 0.04 220
0.05 0.04 221
0.05 0.04 222
0.05 0.04 223
0.05 0.04 224
0.05 0.04 225
0.05 0.04 226
0.05 0.04 227
0.05 0.04 228
0.05 0.04 229
0.05 0.04 230
0.05 0.04 231
0.05 0.04 232
0.05 0.04 233
0.05 0.04 234
0.05 0.04 235
0.05 0.04 236
0.05 0.04 237
0.05 0.04 238
0.05 0.04 239
0.05 0.04 240
0.05 0.04 241
0.05 0.04 242
0.05 0.04 243
0.05 0.04 244
0.05 0.04 245
0.05 0.04 246
0.05 0.04 247
0.05 0.04 248
0.05 0.04 249
0.05 0.04 250
0.05 0.04 251
0.05 0.04 252
0.05 0.04 253
0.05 0.04 254
0.05 0.04 255
0.05 0.04 256
0.05 0.04 257
0.05 0.04 258
0.05 0.04 259
0.05 0.04 260
0.05 0.04 261
0.05 0.04 262
0.05 0.04 263
0.05 0.04 264
0.05 0.04 265
0.05 0.04 266
0.05 0.04 267
0.05 0.04 268
0.05 0.04 269
0.05 0.04 270
0.05 0.04 271
0.05 0.04 272
0.05 0.04 273
0.05 0.04 274
0.05 0.04 275
0.05 0.04 276
0.05 0.04 277
0.05 0.04 278
0.05 0.04 279
0.05 0.04 280
0.05 0.04 281
0.05 0.04 282
0.05 0.04 283
0.05 0.04 284
0.05 0.04 285
0.05 0.04 286
0.05 0.04 287
0.05 0.04 288
0.05 0.04 289
0.05 0.04 290
0.05 0.04 291
0.05 0.04 292
0.05 0.04 293
0.05 0.04 294
0.05 0.04 295
0.05 0.04 296
0.05 0.04 297
0.05 0.04 298
0.05 0.04 299
0.1 0.0 0
0.1 0.0 1
0.1 0.0 2
0.1 0.0 3
0.1 0.0 4
0.1 0.0 5
0.1 0.0 6
0.1 0.0 7
0.1 0.0 8
0.1 0.0 9
0.1 0.0 10
0.1 0.0 11
0.1 0.0 12
0.1 0.0 13
0.1 0.0 14
0.1 0.0 15
0.1 0.0 16
0.1 0.0 17
0.1 0.0 18
0.1 0.0 19
0.1 0.0 20
0.1 0.0 21
0.1 0.0 22
0.1 0.0 23
0.1 0.0 24
0.1 0.0 25
0.1 0.0 26
0.1 0.0 27
0.1 0.0 28
0.1 0.0 29
0.1 0.0 30
0.1 0.0 31
0.1 0.0 32
0.1 0.0 33
0.1 0.0 34
0.1 0.0 35
0.1 0.0 36
0.1 0.0 37
0.1 0.0 38
0.1 0.0 39
0.1 0.0 40
0.1 0.0 41
0.1 0.0 42
0.1 0.0 43
0.1 0.0 44
0.1 0.0 45
0.1 0.0 46
0.1 0.0 47
0.1 0.0 48
0.1 0.0 49
0.1 0.0 50
0.1 0.0 51
0.1 0.0 52
0.1 0.0 53
0.1 0.0 54
0.1 0.0 55
0.1 0.0 56
0.1 0.0 57
0.1 0.0 58
0.1 0.0 59
0.1 0.0 60
0.1 0.0 61
0.1 0.0 62
0.1 0.0 63
0.1 0.0 64
0.1 0.0 65
0.1 0.0 66
0.1 0.0 67
0.1 0.0 68
0.1 0.0 69
0.1 0.0 70
0.1 0.0 71
0.1 0.0 72
0.1 0.0 73
0.1 0.0 74
0.1 0.0 75
0.1 0.0 76
0.1 0.0 77
0.1 0.0 78
0.1 0.0 79
0.1 0.0 80
0.1 0.0 81
0.1 0.0 82
0.1 0.0 83
0.1 0.0 84
0.1 0.0 85
0.1 0.0 86
0.1 0.0 87
0.1 0.0 88
0.1 0.0 89
0.1 0.0 90
0.1 0.0 91
0.1 0.0 92
0.1 0.0 93
0.1 0.0 94
0.1 0.0 95
0.1 0.0 96
0.1 0.0 97
0.1 0.0 98
0.1 0.0 99
0.1 0.0 100
0.1 0.0 101
0.1 0.0 102
0.1 0.0 103
0.1 0.0 104
0.1 0.0 105
0.1 0.0 106
0.1 0.0 107
0.1 0.0 108
0.1 0.0 109
0.1 0.0 110
0.1 0.0 111
0.1 0.0 112
0.1 0.0 113
0.1 0.0 114
0.1 0.0 115
0.1 0.0 116
0.1 0.0 117
0.1 0.0 118
0.1 0.0 119
0.1 0.0 120
0.1 0.0 121
0.1 0.0 122
0.1 0.0 123
0.1 0.0 124
0.1 0.0 125
0.1 0.0 126
0.1 0.0 127
0.1 0.0 128
0.1 0.0 129
0.1 0.0 130
0.1 0.0 131
0.1 0.0 132
0.1 0.0 133
0.1 0.0 134
0.1 0.0 135
0.1 0.0 136
0.1 0.0 137
0.1 0.0 138
0.1 0.0 139
0.1 0.0 140
0.1 0.0 141
0.1 0.0 142
0.1 0.0 143
0.1 0.0 144
0.1 0.0 145
0.1 0.0 146
0.1 0.0 147
0.1 0.0 148
0.1 0.0 149
0.1 0.0 150
0.1 0.0 151
0.1 0.0 152
0.1 0.0 153
0.1 0.0 154
0.1 0.0 155
0.1 0.0 156
0.1 0.0 157
0.1 0.0 158
0.1 0.0 159
0.1 0.0 160
0.1 0.0 161
0.1 0.0 162
0.1 0.0 163
0.1 0.0 164
0.1 0.0 165
0.1 0.0 166
0.1 0.0 167
0.1 0.0 168
0.1 0.0 169
0.1 0.0 170
0.1 0.0 171
0.1 0.0 172
0.1 0.0 173
0.1 0.0 174
0.1 0.0 175
0.1 0.0 176
0.1 0.0 177
0.1 0.0 178
0.1 0.0 179
0.1 0.0 180
0.1 0.0 181
0.1 0.0 182
0.1 0.0 183
0.1 0.0 184
0.1 0.0 185
0.1 0.0 186
0.1 0.0 187
0.1 0.0 188
0.1 0.0 189
0.1 0.0 190
0.1 0.0 191
0.1 0.0 192
0.1 0.0 193
0.1 0.0 194
0.1 0.0 195
0.1 0.0 196
0.1 0.0 197
0.1 0.0 198
0.1 0.0 199
0.1 0.0 200
0.1 0.0 201
0.1 0.0 202
0.1 0.0 203
0.1 0.0 204
0.1 0.0 205
0.1 0.0 206
0.1 0.0 207
0.1 0.0 208
0.1 0.0 209
0.1 0.0 210
0.1 0.0 211
0.1 0.0 212
0.1 0.0 213
0.1 0.0 214
0.1 0.0 215
0.1 0.0 216
0.1 0.0 217
0.1 0.0 218
0.1 0.0 219
0.1 0.0 220
0.1 0.0 221
0.1 0.0 222
0.1 0.0 223
0.1 0.0 224
0.1 0.0 225
0.1 0.0 226
0.1 0.0 227
0.1 0.0 228
0.1 0.0 229
0.1 0.0 230
0.1 0.0 231
0.1 0.0 232
0.1 0.0 233
0.1 0.0 234
0.1 0.0 235
0.1 0.0 236
0.1 0.0 237
0.1 0.0 238
0.1 0.0 239
0.1 0.0 240
0.1 0.0 241
0.1 0.0 242
0.1 0.0 243
0.1 0.0 244
0.1 0.0 245
0.1 0.0 246
0.1 0.0 247
0.1 0.0 248
0.1 0.0 249
0.1 0.0 250
0.1 0.0 251
0.1 0.0 252
0.1 0.0 253
0.1 0.0 254
0.1 0.0 255
0.1 0.0 256
0.1 0.0 257
0.1 0.0 258
0.1 0.0 259
0.1 0.0 260
0.1 0.0 261
0.1 0.0 262
0.1 0.0 263
0.1 0.0 264
0.1 0.0 265
0.1 0.0 266
0.1 0.0 267
0.1 0.0 268
0.1 0.0 269
0.1 0.0 270
0.1 0.0 271
0.1 0.0 272
0.1 0.0 273
0.1 0.0 274
0.1 0.0 275
0.1 0.0 276
0.1 0.0 277
0.1 0.0 278
0.1 0.0 279
0.1 0.0 280
0.1 0.0 281
0.1 0.0 282
0.1 0.0 283
0.1 0.0 284
0.1 0.0 285
0.1 0.0 286
0.1 0.0 287
0.1 0.0 288
0.1 0.0 289
0.1 0.0 290
0.1 0.0 291
0.1 0.0 292
0.1 0.0 293
0.1 0.0 294
0.1 0.0 295
0.1 0.0 296
0.1 0.0 297
0.1 0.0 298
0.1 0.0 299
0.1 0.04 0
0.1 0.04 1
0.1 0.04 2
0.1 0.04 3
0.1 0.04 4
0.1 0.04 5
0.1 0.04 6
0.1 0.04 7
0.1 0.04 8
0.1 0.04 9
0.1 0.04 10
0.1 0.04 11
0.1 0.04 12
0.1 0.04 13
0.1 0.04 14
0.1 0.04 15
0.1 0.04 16
0.1 0.04 17
0.1 0.04 18
0.1 0.04 19
0.1 0.04 20
0.1 0.04 21
0.1 0.04 22
0.1 0.04 23
0.1 0.04 24
0.1 0.04 25
0.1 0.04 26
0.1 0.04 27
0.1 0.04 28
0.1 0.04 29
0.1 0.04 30
0.1 0.04 31
0.1 0.04 32
0.1 0.04 33
0.1 0.04 34
0.1 0.04 35
0.1 0.04 36
0.1 0.04 37
0.1 0.04 38
0.1 0.04 39
0.1 0.04 40
0.1 0.04 41
0.1 0.04 42
0.1 0.04 43
0.1 0.04 44
0.1 0.04 45
0.1 0.04 46
0.1 0.04 47
0.1 0.04 48
0.1 0.04 49
0.1 0.04 50
0.1 0.04 51
0.1 0.04 52
0.1 0.04 53
0.1 0.04 54
0.1 0.04 55
0.1 0.04 56
0.1 0.04 57
0.1 0.04 58
0.1 0.04 59
0.1 0.04 60
0.1 0.04 61
0.1 0.04 62
0.1 0.04 63
0.1 0.04 64
0.1 0.04 65
0.1 0.04 66
0.1 0.04 67
0.1 0.04 68
0.1 0.04 69
0.1 0.04 70
0.1 0.04 71
0.1 0.04 72
0.1 0.04 73
0.1 0.04 74
0.1 0.04 75
0.1 0.04 76
0.1 0.04 77
0.1 0.04 78
0.1 0.04 79
0.1 0.04 80
0.1 0.04 81
0.1 0.04 82
0.1 0.04 83
0.1 0.04 84
0.1 0.04 85
0.1 0.04 86
0.1 0.04 87
0.1 0.04 88
0.1 0.04 89
0.1 0.04 90
0.1 0.04 91
0.1 0.04 92
0.1 0.04 93
0.1 0.04 94
0.1 0.04 95
0.1 0.04 96
0.1 0.04 97
0.1 0.04 98
0.1 0.04 99
0.1 0.04 100
0.1 0.04 101
0.1 0.04 102
0.1 0.04 103
0.1 0.04 104
0.1 0.04 105
0.1 0.04 106
0.1 0.04 107
0.1 0.04 108
0.1 0.04 109
0.1 0.04 110
0.1 0.04 111
0.1 0.04 112
0.1 0.04 113
0.1 0.04 114
0.1 0.04 115
0.1 0.04 116
0.1 0.04 117
0.1 0.04 118
0.1 0.04 119
0.1 0.04 120
0.1 0.04 121
0.1 0.04 122
0.1 0.04 123
0.1 0.04 124
0.1 0.04 125
0.1 0.04 126
0.1 0.04 127
0.1 0.04 128
0.1 0.04 129
0.1 0.04 130
0.1 0.04 131
0.1 0.04 132
0.1 0.04 133
0.1 0.04 134
0.1 0.04 135
0.1 0.04 136
0.1 0.04 137
0.1 0.04 138
0.1 0.04 139
0.1 0.04 140
0.1 0.04 141
0.1 0.04 142
0.1 0.04 143
0.1 0.04 144
0.1 0.04 145
0.1 0.04 146
0.1 0.04 147
0.1 0.04 148
0.1 0.04 149
0.1 0.04 150
0.1 0.04 151
0.1 0.04 152
0.1 0.04 153
0.1 0.04 154
0.1 0.04 155
0.1 0.04 156
0.1 0.04 157
0.1 0.04 158
0.1 0.04 159
0.1 0.04 160
0.1 0.04 161
0.1 0.04 162
0.1 0.04 163
0.1 0.04 164
0.1 0.04 165
0.1 0.04 166
0.1 0.04 167
0.1 0.04 168
0.1 0.04 169
0.1 0.04 170
0.1 0.04 171
0.1 0.04 172
0.1 0.04 173
0.1 0.04 174
0.1 0.04 175
0.1 0.04 176
0.1 0.04 177
0.1 0.04 178
0.1 0.04 179
0.1 0.04 180
0.1 0.04 181
0.1 0.04 182
0.1 0.04 183
0.1 0.04 184
0.1 0.04 185
0.1 0.04 186
0.1 0.04 187
0.1 0.04 188
0.1 0.04 189
0.1 0.04 190
0.1 0.04 191
0.1 0.04 192
0.1 0.04 193
0.1 0.04 194
0.1 0.04 195
0.1 0.04 196
0.1 0.04 197
0.1 0.04 198
0.1 0.04 199
0.1 0.04 200
0.1 0.04 201
0.1 0.04 202
0.1 0.04 203
0.1 0.04 204
0.1 0.04 205
0.1 0.04 206
0.1 0.04 207
0.1 0.04 208
0.1 0.04 209
0.1 0.04 210
0.1 0.04 211
0.1 0.04 212
0.1 0.04 213
0.1 0.04 214
0.1 0.04 215
0.1 0.04 216
0.1 0.04 217
0.1 0.04 218
0.1 0.04 219
0.1 0.04 220
0.1 0.04 221
0.1 0.04 222
0.1 0.04 223
0.1 0.04 224
0.1 0.04 225
0.1 0.04 226
0.1 0.04 227
0.1 0.04 228
0.1 0.04 229
0.1 0.04 230
0.1 0.04 231
0.1 0.04 232
0.1 0.04 233
0.1 0.04 234
0.1 0.04 235
0.1 0.04 236
0.1 0.04 237
0.1 0.04 238
0.1 0.04 239
0.1 0.04 240
0.1 0.04 241
0.1 0.04 242
0.1 0.04 243
0.1 0.04 244
0.1 0.04 245
0.1 0.04 246
0.1 0.04 247
0.1 0.04 248
0.1 0.04 249
0.1 0.04 250
0.1 0.04 251
0.1 0.04 252
0.1 0.04 253
0.1 0.04 254
0.1 0.04 255
0.1 0.04 256
0.1 0.04 257
0.1 0.04 258
0.1 0.04 259
0.1 0.04 260
0.1 0.04 261
0.1 0.04 262
0.1 0.04 263
0.1 0.04 264
0.1 0.04 265
0.1 0.04 266
0.1 0.04 267
0.1 0.04 268
0.1 0.04 269
0.1 0.04 270
0.1 0.04 271
0.1 0.04 272
0.1 0.04 273
0.1 0.04 274
0.1 0.04 275
0.1 0.04 276
0.1 0.04 277
0.1 0.04 278
0.1 0.04 279
0.1 0.04 280
0.1 0.04 281
0.1 0.04 282
0.1 0.04 283
0.1 0.04 284
0.1 0.04 285
0.1 0.04 286
0.1 0.04 287
0.1 0.04 288
0.1 0.04 289
0.1 0.04 290
0.1 0.04 291
0.1 0.04 292
0.1 0.04 293
0.1 0.04 294
0.1 0.04 295
0.1 0.04 296
0.1 0.04 297
0.1 0.04 298
0.1 0.04 299
