0.0001 0
0.0001 1
0.0001 2
0.0001 3
0.0001 4
0.0001 5
0.0001 6
0.0001 7
0.0001 8
0.0001 9
0.0001 10
0.0001 11
0.0001 12
0.0001 13
0.0001 14
0.0001 15
0.0001 16
0.0001 17
0.0001 18
0.0001 19
0.0001 20
0.0001 21
0.0001 22
0.0001 23
0.0001 24
0.0001 25
0.0001 26
0.0001 27
0.0001 28
0.0001 29
0.0001 30
0.0001 31
0.0001 32
0.0001 33
0.0001 34
0.0001 35
0.0001 36
0.0001 37
0.0001 38
0.0001 39
0.0001 40
0.0001 41
0.0001 42
0.0001 43
0.0001 44
0.0001 45
0.0001 46
0.0001 47
0.0001 48
0.0001 49
0.0001 50
0.0001 51
0.0001 52
0.0001 53
0.0001 54
0.0001 55
0.0001 56
0.0001 57
0.0001 58
0.0001 59
0.0001 60
0.0001 61
0.0001 62
0.0001 63
0.0001 64
0.0001 65
0.0001 66
0.0001 67
0.0001 68
0.0001 69
0.0001 70
0.0001 71
0.0001 72
0.0001 73
0.0001 74
0.0001 75
0.0001 76
0.0001 77
0.0001 78
0.0001 79
0.0001 80
0.0001 81
0.0001 82
0.0001 83
0.0001 84
0.0001 85
0.0001 86
0.0001 87
0.0001 88
0.0001 89
0.0001 90
0.0001 91
0.0001 92
0.0001 93
0.0001 94
0.0001 95
0.0001 96
0.0001 97
0.0001 98
0.0001 99
0.0001 100
0.0001 101
0.0001 102
0.0001 103
0.0001 104
0.0001 105
0.0001 106
0.0001 107
0.0001 108
0.0001 109
0.0001 110
0.0001 111
0.0001 112
0.0001 113
0.0001 114
0.0001 115
0.0001 116
0.0001 117
0.0001 118
0.0001 119
0.0001 120
0.0001 121
0.0001 122
0.0001 123
0.0001 124
0.0001 125
0.0001 126
0.0001 127
0.0001 128
0.0001 129
0.0001 130
0.0001 131
0.0001 132
0.0001 133
0.0001 134
0.0001 135
0.0001 136
0.0001 137
0.0001 138
0.0001 139
0.0001 140
0.0001 141
0.0001 142
0.0001 143
0.0001 144
0.0001 145
0.0001 146
0.0001 147
0.0001 148
0.0001 149
0.0001 150
0.0001 151
0.0001 152
0.0001 153
0.0001 154
0.0001 155
0.0001 156
0.0001 157
0.0001 158
0.0001 159
0.0001 160
0.0001 161
0.0001 162
0.0001 163
0.0001 164
0.0001 165
0.0001 166
0.0001 167
0.0001 168
0.0001 169
0.0001 170
0.0001 171
0.0001 172
0.0001 173
0.0001 174
0.0001 175
0.0001 176
0.0001 177
0.0001 178
0.0001 179
0.0001 180
0.0001 181
0.0001 182
0.0001 183
0.0001 184
0.0001 185
0.0001 186
0.0001 187
0.0001 188
0.0001 189
0.0001 190
0.0001 191
0.0001 192
0.0001 193
0.0001 194
0.0001 195
0.0001 196
0.0001 197
0.0001 198
0.0001 199
0.0001 200
0.0001 201
0.0001 202
0.0001 203
0.0001 204
0.0001 205
0.0001 206
0.0001 207
0.0001 208
0.0001 209
0.0001 210
0.0001 211
0.0001 212
0.0001 213
0.0001 214
0.0001 215
0.0001 216
0.0001 217
0.0001 218
0.0001 219
0.0001 220
0.0001 221
0.0001 222
0.0001 223
0.0001 224
0.0001 225
0.0001 226
0.0001 227
0.0001 228
0.0001 229
0.0001 230
0.0001 231
0.0001 232
0.0001 233
0.0001 234
0.0001 235
0.0001 236
0.0001 237
0.0001 238
0.0001 239
0.0001 240
0.0001 241
0.0001 242
0.0001 243
0.0001 244
0.0001 245
0.0001 246
0.0001 247
0.0001 248
0.0001 249
0.0001 250
0.0001 251
0.0001 252
0.0001 253
0.0001 254
0.0001 255
0.0001 256
0.0001 257
0.0001 258
0.0001 259
0.0001 260
0.0001 261
0.0001 262
0.0001 263
0.0001 264
0.0001 265
0.0001 266
0.0001 267
0.0001 268
0.0001 269
0.0001 270
0.0001 271
0.0001 272
0.0001 273
0.0001 274
0.0001 275
0.0001 276
0.0001 277
0.0001 278
0.0001 279
0.0001 280
0.0001 281
0.0001 282
0.0001 283
0.0001 284
0.0001 285
0.0001 286
0.0001 287
0.0001 288
0.0001 289
0.0001 290
0.0001 291
0.0001 292
0.0001 293
0.0001 294
0.0001 295
0.0001 296
0.0001 297
0.0001 298
0.0001 299
0.02 0
0.02 1
0.02 2
0.02 3
0.02 4
0.02 5
0.02 6
0.02 7
0.02 8
0.02 9
0.02 10
0.02 11
0.02 12
0.02 13
0.02 14
0.02 15
0.02 16
0.02 17
0.02 18
0.02 19
0.02 20
0.02 21
0.02 22
0.02 23
0.02 24
0.02 25
0.02 26
0.02 27
0.02 28
0.02 29
0.02 30
0.02 31
0.02 32
0.02 33
0.02 34
0.02 35
0.02 36
0.02 37
0.02 38
0.02 39
0.02 40
0.02 41
0.02 42
0.02 43
0.02 44
0.02 45
0.02 46
0.02 47
0.02 48
0.02 49
0.02 50
0.02 51
0.02 52
0.02 53
0.02 54
0.02 55
0.02 56
0.02 57
0.02 58
0.02 59
0.02 60
0.02 61
0.02 62
0.02 63
0.02 64
0.02 65
0.02 66
0.02 67
0.02 68
0.02 69
0.02 70
0.02 71
0.02 72
0.02 73
0.02 74
0.02 75
0.02 76
0.02 77
0.02 78
0.02 79
0.02 80
0.02 81
0.02 82
0.02 83
0.02 84
0.02 85
0.02 86
0.02 87
0.02 88
0.02 89
0.02 90
0.02 91
0.02 92
0.02 93
0.02 94
0.02 95
0.02 96
0.02 97
0.02 98
0.02 99
0.02 100
0.02 101
0.02 102
0.02 103
0.02 104
0.02 105
0.02 106
0.02 107
0.02 108
0.02 109
0.02 110
0.02 111
0.02 112
0.02 113
0.02 114
0.02 115
0.02 116
0.02 117
0.02 118
0.02 119
0.02 120
0.02 121
0.02 122
0.02 123
0.02 124
0.02 125
0.02 126
0.02 127
0.02 128
0.02 129
0.02 130
0.02 131
0.02 132
0.02 133
0.02 134
0.02 135
0.02 136
0.02 137
0.02 138
0.02 139
0.02 140
0.02 141
0.02 142
0.02 143
0.02 144
0.02 145
0.02 146
0.02 147
0.02 148
0.02 149
0.02 150
0.02 151
0.02 152
0.02 153
0.02 154
0.02 155
0.02 156
0.02 157
0.02 158
0.02 159
0.02 160
0.02 161
0.02 162
0.02 163
0.02 164
0.02 165
0.02 166
0.02 167
0.02 168
0.02 169
0.02 170
0.02 171
0.02 172
0.02 173
0.02 174
0.02 175
0.02 176
0.02 177
0.02 178
0.02 179
0.02 180
0.02 181
0.02 182
0.02 183
0.02 184
0.02 185
0.02 186
0.02 187
0.02 188
0.02 189
0.02 190
0.02 191
0.02 192
0.02 193
0.02 194
0.02 195
0.02 196
0.02 197
0.02 198
0.02 199
0.02 200
0.02 201
0.02 202
0.02 203
0.02 204
0.02 205
0.02 206
0.02 207
0.02 208
0.02 209
0.02 210
0.02 211
0.02 212
0.02 213
0.02 214
0.02 215
0.02 216
0.02 217
0.02 218
0.02 219
0.02 220
0.02 221
0.02 222
0.02 223
0.02 224
0.02 225
0.02 226
0.02 227
0.02 228
0.02 229
0.02 230
0.02 231
0.02 232
0.02 233
0.02 234
0.02 235
0.02 236
0.02 237
0.02 238
0.02 239
0.02 240
0.02 241
0.02 242
0.02 243
0.02 244
0.02 245
0.02 246
0.02 247
0.02 248
0.02 249
0.02 250
0.02 251
0.02 252
0.02 253
0.02 254
0.02 255
0.02 256
0.02 257
0.02 258
0.02 259
0.02 260
0.02 261
0.02 262
0.02 263
0.02 264
0.02 265
0.02 266
0.02 267
0.02 268
0.02 269
0.02 270
0.02 271
0.02 272
0.02 273
0.02 274
0.02 275
0.02 276
0.02 277
0.02 278
0.02 279
0.02 280
0.02 281
0.02 282
0.02 283
0.02 284
0.02 285
0.02 286
0.02 287
0.02 288
0.02 289
0.02 290
0.02 291
0.02 292
0.02 293
0.02 294
0.02 295
0.02 296
0.02 297
0.02 298
0.02 299
0.05 0
0.05 1
0.05 2
0.05 3
0.05 4
0.05 5
0.05 6
0.05 7
0.05 8
0.05 9
0.05 10
0.05 11
0.05 12
0.05 13
0.05 14
0.05 15
0.05 16
0.05 17
0.05 18
0.05 19
0.05 20
0.05 21
0.05 22
0.05 23
0.05 24
0.05 25
0.05 26
0.05 27
0.05 28
0.05 29
0.05 30
0.05 31
0.05 32
0.05 33
0.05 34
0.05 35
0.05 36
0.05 37
0.05 38
0.05 39
0.05 40
0.05 41
0.05 42
0.05 43
0.05 44
0.05 45
0.05 46
0.05 47
0.05 48
0.05 49
0.05 50
0.05 51
0.05 52
0.05 53
0.05 54
0.05 55
0.05 56
0.05 57
0.05 58
0.05 59
0.05 60
0.05 61
0.05 62
0.05 63
0.05 64
0.05 65
0.05 66
0.05 67
0.05 68
0.05 69
0.05 70
0.05 71
0.05 72
0.05 73
0.05 74
0.05 75
0.05 76
0.05 77
0.05 78
0.05 79
0.05 80
0.05 81
0.05 82
0.05 83
0.05 84
0.05 85
0.05 86
0.05 87
0.05 88
0.05 89
0.05 90
0.05 91
0.05 92
0.05 93
0.05 94
0.05 95
0.05 96
0.05 97
0.05 98
0.05 99
0.05 100
0.05 101
0.05 102
0.05 103
0.05 104
0.05 105
0.05 106
0.05 107
0.05 108
0.05 109
0.05 110
0.05 111
0.05 112
0.05 113
0.05 114
0.05 115
0.05 116
0.05 117
0.05 118
0.05 119
0.05 120
0.05 121
0.05 122
0.05 123
0.05 124
0.05 125
0.05 126
0.05 127
0.05 128
0.05 129
0.05 130
0.05 131
0.05 132
0.05 133
0.05 134
0.05 135
0.05 136
0.05 137
0.05 138
0.05 139
0.05 140
0.05 141
0.05 142
0.05 143
0.05 144
0.05 145
0.05 146
0.05 147
0.05 148
0.05 149
0.05 150
0.05 151
0.05 152
0.05 153
0.05 154
0.05 155
0.05 156
0.05 157
0.05 158
0.05 159
0.05 160
0.05 161
0.05 162
0.05 163
0.05 164
0.05 165
0.05 166
0.05 167
0.05 168
0.05 169
0.05 170
0.05 171
0.05 172
0.05 173
0.05 174
0.05 175
0.05 176
0.05 177
0.05 178
0.05 179
0.05 180
0.05 181
0.05 182
0.05 183
0.05 184
0.05 185
0.05 186
0.05 187
0.05 188
0.05 189
0.05 190
0.05 191
0.05 192
0.05 193
0.05 194
0.05 195
0.05 196
0.05 197
0.05 198
0.05 199
0.05 200
0.05 201
0.05 202
0.05 203
0.05 204
0.05 205
0.05 206
0.05 207
0.05 208
0.05 209
0.05 210
0.05 211
0.05 212
0.05 213
0.05 214
0.05 215
0.05 216
0.05 217
0.05 218
0.05 219
0.05 220
0.05 221
0.05 222
0.05 223
0.05 224
0.05 225
0.05 226
0.05 227
0.05 228
0.05 229
0.05 230
0.05 231
0.05 232
0.05 233
0.05 234
0.05 235
0.05 236
0.05 237
0.05 238
0.05 239
0.05 240
0.05 241
0.05 242
0.05 243
0.05 244
0.05 245
0.05 246
0.05 247
0.05 248
0.05 249
0.05 250
0.05 251
0.05 252
0.05 253
0.05 254
0.05 255
0.05 256
0.05 257
0.05 258
0.05 259
0.05 260
0.05 261
0.05 262
0.05 263
0.05 264
0.05 265
0.05 266
0.05 267
0.05 268
0.05 269
0.05 270
0.05 271
0.05 272
0.05 273
0.05 274
0.05 275
0.05 276
0.05 277
0.05 278
0.05 279
0.05 280
0.05 281
0.05 282
0.05 283
0.05 284
0.05 285
0.05 286
0.05 287
0.05 288
0.05 289
0.05 290
0.05 291
0.05 292
0.05 293
0.05 294
0.05 295
0.05 296
0.05 297
0.05 298
0.05 299
0.1 0
0.1 1
0.1 2
0.1 3
0.1 4
0.1 5
0.1 6
0.1 7
0.1 8
0.1 9
0.1 10
0.1 11
0.1 12
0.1 13
0.1 14
0.1 15
0.1 16
0.1 17
0.1 18
0.1 19
0.1 20
0.1 21
0.1 22
0.1 23
0.1 24
0.1 25
0.1 26
0.1 27
0.1 28
0.1 29
0.1 30
0.1 31
0.1 32
0.1 33
0.1 34
0.1 35
0.1 36
0.1 37
0.1 38
0.1 39
0.1 40
0.1 41
0.1 42
0.1 43
0.1 44
0.1 45
0.1 46
0.1 47
0.1 48
0.1 49
0.1 50
0.1 51
0.1 52
0.1 53
0.1 54
0.1 55
0.1 56
0.1 57
0.1 58
0.1 59
0.1 60
0.1 61
0.1 62
0.1 63
0.1 64
0.1 65
0.1 66
0.1 67
0.1 68
0.1 69
0.1 70
0.1 71
0.1 72
0.1 73
0.1 74
0.1 75
0.1 76
0.1 77
0.1 78
0.1 79
0.1 80
0.1 81
0.1 82
0.1 83
0.1 84
0.1 85
0.1 86
0.1 87
0.1 88
0.1 89
0.1 90
0.1 91
0.1 92
0.1 93
0.1 94
0.1 95
0.1 96
0.1 97
0.1 98
0.1 99
0.1 100
0.1 101
0.1 102
0.1 103
0.1 104
0.1 105
0.1 106
0.1 107
0.1 108
0.1 109
0.1 110
0.1 111
0.1 112
0.1 113
0.1 114
0.1 115
0.1 116
0.1 117
0.1 118
0.1 119
0.1 120
0.1 121
0.1 122
0.1 123
0.1 124
0.1 125
0.1 126
0.1 127
0.1 128
0.1 129
0.1 130
0.1 131
0.1 132
0.1 133
0.1 134
0.1 135
0.1 136
0.1 137
0.1 138
0.1 139
0.1 140
0.1 141
0.1 142
0.1 143
0.1 144
0.1 145
0.1 146
0.1 147
0.1 148
0.1 149
0.1 150
0.1 151
0.1 152
0.1 153
0.1 154
0.1 155
0.1 156
0.1 157
0.1 158
0.1 159
0.1 160
0.1 161
0.1 162
0.1 163
0.1 164
0.1 165
0.1 166
0.1 167
0.1 168
0.1 169
0.1 170
0.1 171
0.1 172
0.1 173
0.1 174
0.1 175
0.1 176
0.1 177
0.1 178
0.1 179
0.1 180
0.1 181
0.1 182
0.1 183
0.1 184
0.1 185
0.1 186
0.1 187
0.1 188
0.1 189
0.1 190
0.1 191
0.1 192
0.1 193
0.1 194
0.1 195
0.1 196
0.1 197
0.1 198
0.1 199
0.1 200
0.1 201
0.1 202
0.1 203
0.1 204
0.1 205
0.1 206
0.1 207
0.1 208
0.1 209
0.1 210
0.1 211
0.1 212
0.1 213
0.1 214
0.1 215
0.1 216
0.1 217
0.1 218
0.1 219
0.1 220
0.1 221
0.1 222
0.1 223
0.1 224
0.1 225
0.1 226
0.1 227
0.1 228
0.1 229
0.1 230
0.1 231
0.1 232
0.1 233
0.1 234
0.1 235
0.1 236
0.1 237
0.1 238
0.1 239
0.1 240
0.1 241
0.1 242
0.1 243
0.1 244
0.1 245
0.1 246
0.1 247
0.1 248
0.1 249
0.1 250
0.1 251
0.1 252
0.1 253
0.1 254
0.1 255
0.1 256
0.1 257
0.1 258
0.1 259
0.1 260
0.1 261
0.1 262
0.1 263
0.1 264
0.1 265
0.1 266
0.1 267
0.1 268
0.1 269
0.1 270
0.1 271
0.1 272
0.1 273
0.1 274
0.1 275
0.1 276
0.1 277
0.1 278
0.1 279
0.1 280
0.1 281
0.1 282
0.1 283
0.1 284
0.1 285
0.1 286
0.1 287
0.1 288
0.1 289
0.1 290
0.1 291
0.1 292
0.1 293
0.1 294
0.1 295
0.1 296
0.1 297
0.1 298
0.1 299
